444 mmm

37. 3. 4140· 41711110 0..7,37, 10
1131413144. 00

113131. lv. 100. 04124110 - 0121047111- 0, 3. 30, 12ι11.

11131,3131113111.13, 1. 31. 30 - 42030. 3 - 0, 1,40,38 [311114.
= 1111414314 13, 3.44.4114134144,1.27,13 , , , 410041133333,
Md· 4, 454 Enna. 10. 30. 32 , , , 4311334, 3010211

“ »imp-raim 144. 4433114144, 4. rs. 1143333411
13331343313413. 11, 0,.31 38 hum, 4,44
, 4Μ414413144114344443101

mum 41343. 13, 34
03441, 11, 1. 3. 3041103011· 0. 32, 47 018

, 433144143111334143411414.1443314 ΓΠΠιε m. 31413

, 13313. 1343411. 4,20.40.40 11, 7.22.10,, ,,,)
2131111.Ερ.44,20,0134,48 . 44 ,4 4 “2321st

11414440 333001 mmmm

...ω-......- ..- 1-—

400 11414440 &when-u

4. 4 44 mma 4144114114 „jhm 334
*113113333131333434131111014444 luit

, 11.7221013341Ῑ)13313114.
· 3, 0 411 pro 131333333 41 adipum

11, 7, 27, 23, Low) 3311411334.

Addo 411133 exemplum.

14113 1004. 10, 133 13 3341113314313314133 1443413 uapor· 43331113 13331 13343 m.

Toup. 4444·
1003.- 4. 0. 3. 48- 11. 21. 13. 01
0334411131οῌ

Ῑ3Ϊ””“““8.0.4074343434131134113111414311311334,314334434μ131,
1414133137. 031

1134111313 30. 37 141 1, 20. 30
11114311110813711 31 4331333311,
3, 23, 34 80 se. 133430. 30,

13334 3431113,10,17,14
13334Θο.20.33, 10 743413402711411ὴ

ῃωῖῙΠΠ 111012011,37
4444444443411414750043330

Δ3343...3331132 10811 P 7,

13331. 3113411340. 0. 0,·120111115 11111111
133,)313,3,18,,1340

Porro 1311333 modum 4314311131 novilunium 141313,

43331003, 114 2. 031. 311434 3111 33114413 03113, quaeritur 131313 3310331331 31 13334 3311
1004, -· 1211 30 21 1011-’ 1· 1ο 011211- 012414110011

8331131280. 0. 213
1131313411311134311334273Λ11. 340 - 1. 0. 41, 37 014. 33, 20

113411, 10. 13, 30, 27- 3130, 0 -· 010. 0, 20
Verus Θ 13 31311114 0, 10, 1, 0 ἐξ
Θ 11313310014111,

1113113334 101110, 561171 3313 meridiem 3331313133 Luna flamm 441
13211150 011313333133113143133103111 136,10,1,8,Ι)14131 4111114111
41 17⁰ 111411, ergo 13 133314 1344433313114 44113143 quaesito 4333131144· 101,
quae 131431 adjunctum 3313333343311111’43”,33311431143314)34101171275
quod superat 33111331 tempta 4431 0100 08’, 1144413 13111331 113114 post 33111133

 

