296 ne 155... 55.. nara.

..—

Affi‘ 55555. 090ᾙῇ Ἢξ· nnana

..n——

91ο 1’ 5911 99984 88058 7” 198242 59“ 98898

92. 1. 51 99952 89. 58. 9 1994212 98879

99. 1. 49 99921 995911 198. 41. 24 98955

94. 1. 48 99899 91. 58. 14· 1994999 98994

05. 1. 49 99858 92. 58. 17 1499947 98914

99. 1. 98 99827 99. 5922 141. 98. 57 98595

97. 1. 92 99799 94. 58. 28 142. 98. 8 98575

98. 1. 25 99785 95. 58. 95 149. 97. 14 98557

99. 1.18 99794 9958. 44 144. 99. 22 98598

190. 1. 7 99799 97. 58. 59 145. 95. 90 98529

101. 9. 57 99872 ’ 98. 59. 9 149. 94. 99 98599

102. 0. 45 99841 995915 147. 99. 42 98489

199. 9. 91 99810 19959. 29 148. 92. 47 98489

194. 918 99589 101. 59. 42 149. 91. 52 98459

195. 9. 2 99549 192. 59. 58 159. 90. 59 98497

105. 59. 48 99519 194. 914 151. 90. 9 98422

1095929 99489 195. 9. 91 152. 29. 9 98407

197. 59. 11 99459 199. 1. 29 159. 28. 9 98999

108. 58. 51 99429 197. 1. 9 154. 27. 8 98979 159. 92. 52

10958. 91 99999 198. 1. 29 155. 29. 9 98989 154. 99. 51

11958. 9 99979 199. 1. 51 1592519 98959 155. 94. 59

111. 57. 48 99941 119. 2.14 157. 24. 11 98941 1599549

112. 57. 29 99912 111. 2. 97 1592911 98929 15999. 49

1195918 99289 112. 9. 2 159. 22. 11 98917 158. 97. 49

114. 5992 99254 119. 9. 25 189.21.19 98997 15998. 59

115. 58. 5 99229 114. 9. 55 191. 20. 9 98298 180. 99. 81

119. 55. 97 99198 115. 4. 29 19219. 8 98288 181. 49. 52

117. 55. 8 99179 119. 4. 52 18918. 8 98277 182. 41. 54

118. 54. 98 99142 117. 5. 22 194.17. 9 98288 199. 42. 57

119. 54. 7 99115 118. 5. 59 18919. 1 98289 184. 49. 59

1295995 99988 119. 925 199. 14. 58 98252 185. 45. 2

121. 59. 9 99081 120. 8. 57 187. 19. 55 98245 188. 48. 5

122. 52. 29 99095 121. 7. 91 198. 12. 52 98299 197. 47. 8
’ 128. 51. 54 99098 122. 8. 9 189. 11. 48 98292 198. 48. 12

124. 51. 18 98982 129. 8. 42 1791944 98227 1994918

125. 59. 41 98957 124. 919 171. 940 98222 1795929

12950. 4 98991 125. 9. 58 172. 8. 98 98217 171. 51. 24

127. 49. 25 98908 1291995 179. 7. 91 98219 172. 52. 29

1294948 98882 127. 11. 14 174. 927 98210 179. 59. 99

129. 48. 5 98857 128. 11. 55 175. 5. 29 98297 174. 54. 97

199. 47. 25 98899 129. 12. 95 179. 4. 18 98204 175. 55. 42

191. 48. 42 98819 1991918 177. 914 98202 1795949

192. 45. 59 98787 191. 14. 1 178. 219 98201 177. 57. 59

199. 45. 15 98794 192. 14. 45 179. 1.’ 5 98200 1795955

194. 44. 91 98741 199. 15. 29 189. 9. 9 98290 180. 9. 0

195. 49. 45 98719 184. 19. 15

Caput XXXI.

Per 5155115555 attentantem Sole non mbae-i sensibiliter aquationes
Solia a ,21551555 expositae: et de 9551555 mdia aaa computandi.

Sed ne qua nobis obstet suspicio ad sequentia pergentibus, in usitata

et Ptolemaica forma primae *) inaequalitatis explanabimus, an aliqua in
. Sele diversitas aequationem contingat biaeeta jam eeeentrieitate.

——u—u—*ffl

‘) In aequantibus capitibus orietur neniuaio apud lectorem innantem notua
Solia (Braheo) vel Terrae (Cepernieo) val epieycli (Ptolemaeo), qui planetis oeteria
muta eat inaequalitatis secundae, ipae etiam participat inaequalitate prima.

 

